% Author :  ROHIT BAGDI
% date :    08 jan 2022
% Tital :   Backwardf and Forward Sweep Load Flow Algorithm
% forward backward sweep mathod for calculation of voltage

% data for 33-bus system
%{
basemva =100 ; accuracy = 0.0001; maxiter=100; 
basekv=12.66;

% Distribution System data (33 bus system)
%            Bus    Bus     Voltage     Angle    Load    Load
%            no.    code       mag.   (degree)   (kW)   (kVAR)
%                              (pu)               
busdata=[   1       1           1       0        0       0
            2       0           1       0        100    60
            3       0           1       0        90     40
            4       0           1       0       120     80
            5       0           1       0       60      30
            6       0           1       0       60      20
            7       0           1       0       200     100
            8       0           1       0       200     100
            9       0           1       0       60      20
            10      0           1       0       60      20
            11      0           1       0       45      30
            12      0           1       0       60      35
            13      0           1       0       60      35
            14      0           1       0       120     80
            15      0           1       0       60      10
            16      0           1       0       60      20
            17      0           1       0       60      20
            18      0           1       0       90      40
            19      0           1       0       90      40
            20      0           1       0       90      40
            21      0           1       0       90      40
            22      0           1       0       90      40
            23      0           1       0       90      50
            24      0           1       0       420     200
            25      0           1       0       420     200
            26      0           1       0       60      25
            27      0           1       0       60      25
            28      0           1       0       60      20
            29      0           1       0       120     70
            30      0           1       0       200     600
            31      0           1       0       150      70
            32      0           1       0       210     100
            33      0           1       0       60      40];
        %line data are
        %   ns      nr      R       X            lineno
linedata= [ 1       2   0.0922      0.047           1
            2       3   0.493       0.2511          2
            3       4   0.366       0.1864          3
            4       5   0.3811      0.1941          4
            5       6   0.819       0.707           5
            6       7   0.1872      0.6188          6
            7       8   0.7114      0.2351          7
            8       9   1.03        0.74            8
            9       10  1.044       0.74            9
            10      11  0.1966      0.065           10
            11      12  0.3744      0.1238          11
            12      13  1.468       1.155           12
            13      14  0.5416      0.7129          13
            14      15  0.591       0.526           14
            15      16  0.7463      0.545           15
            16      17  1.289       1.721           16
            17      18  0.732       0.574           17
            2       19  0.164       0.1565          18
            19      20  1.5042      1.3554          19
            20      21  0.4095      0.4784          20
            21      22  0.7089      0.9373          21
            3       23  0.4512      0.3083          22
            23      24  0.898       0.7091          23
            24      25  0.896       0.7011          24
            6       26  0.203       0.1034          25
            26      27  0.2842      0.1447          26
            27      28  1.059       0.9337          27
            28      29  0.8042      0.7006          28
            29      30  0.5075      0.2585          29
            30      31  0.9744      0.963           30
            31      32  0.3105      0.3619          31
            32      33  0.341       0.5302          32];          

%}

%{
% data for 52-bus system
basemva =1 ; accuracy = 0.0001; maxiter=100; 
basekv=11;

% Distribution System data (52 bus system)
%           Bus   Bus       Voltage   Angle       Load    Load
%           No.   code      mag.      (Degree)    (kW)    (kVAR)
%                  (pu)

busdata=[ 1         1       1           0           0        0
          2         0       1           0           81      39
          3         0       1           0           135     65
          4         0       1           0           108     52
          5         0       1           0           108     52
          6         0       1           0           27      13
          7         0       1           0           54      26
          8         0       1           0           135     65
          9         0       1           0           81      39
          10        0       1           0           67      32
          11        0       1           0           27      13
          12        0       1           0           27      13
          13        0       1           0           108     52
          14        0       1           0           54      26
          15        0       1           0           94      45
          16        0       1           0           67      33
          17        0       1           0           67      33
          18        0       1           0           108     52
          19        0       1           0           81      39
          20        0       1           0           108     52
          21        0       1           0           94      46
          22        0       1           0           81      39
          23        0       1           0           108     52
          24        0       1           0           108     52
          25        0       1           0           102     50
          26        0       1           0           41      20
          27        0       1           0           108     52
          28        0       1           0           162     79
          29        0       1           0           68      33
          30        0       1           0           68      33
          31        0       1           0           95      46
          32        0       1           0           41      20
          33        0       1           0           121     59
          34        0       1           0           41      20
          35        0       1           0           41      20
          36        0       1           0           135     66
          37        0       1           0           81      40
          38        0       1           0           68      33
          39        0       1           0           95      46
          40        0       1           0           108     52
          41        0       1           0           41      20
          42        0       1           0           95      46
          43        0       1           0           27      13
          44        0       1           0           122     59
          45        0       1           0           108     52
          46        0       1           0           81      39
          47        0       1           0           68      33
          48        0       1           0           41      20
          49        0       1           0           68      33
          50        0       1           0           81      39
          51        0       1           0           108     52
          52        0       1           0           41      20  ];
